00000000010000000000 000000011 1
00000000100000000001 000000101 1
00000000110000000010 001100100 1
00000001000000000011 000000101 1
00000001010000000100 000000011 1
00000001100000000101 000000100 1
00000001110000000110 001100100 1
00000010000000000111 001100100 1
00000010010000001000 001100100 1
00000010100000001001 001100100 1
00000010110000001010 001100100 1
00000011000000001011 001100100 1
00000011010000001100 001100100 1
00000011100000001101 000000101 1
00000011110000001110 000000010 1
00000100000000001111 000000010 1
00000100010000010000 000000101 1
00000100100000010001 000000010 1
00000100110000010010 000000010 1
00000101000000010011 000000010 1
