111100000000000000 111100000000000000 00000000 00000001
111100000000000000 111110000000000000 00000001 00000010
111100000000000000 000000000000000000 00000010 00000011
111100000000000000 000010000000000000 00000011 00000100
111100000000000000 000100000000000000 00000100 00000101
111110000000000000 111100000000000000 00000101 00000110
111110000000000000 111110000000000000 00000110 00000111
111110000000000000 000000000000000000 00000111 00001000
111110000000000000 000010000000000000 00001000 00001001
000000000000000000 000100000000000000 00001001 00001010
000000000000000000 111100000000000000 00001010 00001011
000000000000000000 111110000000000000 00001011 00001100
000000000000000000 000000000000000000 00001100 00001101
000010000000000000 000010000000000000 00001101 00001110
000010000000000000 000100000000000000 00001110 00001111
000010000000000000 111100000000000000 00001111 00010000
000010000000000000 111110000000000000 00010000 00010001
000100000000000000 000000000000000000 00010001 00010010
000100000000000000 000010000000000000 00010010 00010011
000100000000000000 000100000000000000 00010011 00010100
