111111110000000000 111111010000000000 1
111111101101000000 111111110100000000 0
111111110000000000 000000000000000000 0
111111101101000000 000000001100000000 0
111111110000000000 000000110000000000 1
000000010001000000 111111110000000000 0
111111111100000000 111111111000000000 0
111111111001000000 000000000000000000 0
111111111100000000 000000001000000000 0
000000000000000000 111111110000000000 0
000000000000000000 000000010000000000 0
111111111101000000 111111111100000000 0
000000000000000000 000000000000000000 0
111111111100000000 000000011000000000 0
111111001001000000 000000000000000000 1
111111001001000000 000000000000000000 1
111111111100000000 111111101000000000 0
000001010000000000 000000000000000000 1
000000011101000000 000001011100000000 1
111110010000000000 000001110000000000 1
