111100000000000000 000100000000000000 111100000000000000 111100000000000000
111111000000000000 000010000000000000 111100000000000000 111110000000000000
000000000000000000 000000000000000000 111100000000000000 000000000000000000
111111000000000000 111110000000000000 111100000000000000 000010000000000000
111100000000000000 111100000000000000 111100000000000000 000100000000000000
111011000000000000 000000000000000000 111110000000000000 111100000000000000
111110000000000000 000000000000000000 111110000000000000 111110000000000000
111111000000000000 000000000000000000 111110000000000000 000000000000000000
111110000000000000 000000000000000000 111110000000000000 000010000000000000
111100000000000000 000100000000000000 000000000000000000 000100000000000000
111100000000000000 111100000000000000 000000000000000000 111100000000000000
111111000000000000 111110000000000000 000000000000000000 111110000000000000
000000000000000000 000000000000000000 000000000000000000 000000000000000000
000010000000000000 000100000000000000 000010000000000000 000010000000000000
111111000000000000 001000000000000000 000010000000000000 000100000000000000
111111000000000000 111000000000000000 000010000000000000 111100000000000000
000010000000000000 111100000000000000 000010000000000000 111110000000000000
001000000000000000 000000000000000000 000100000000000000 000000000000000000
000111000000000000 000110000000000000 000100000000000000 000010000000000000
000100000000000000 001100000000000000 000100000000000000 000100000000000000
